3
1 5 0
7 6 4
2 3 8


3
8 2 0
5 4 7
3 6 1
[26]

3
8 2 7
5 0 6
4 3 1
[24]

3
1 5 0
7 6 4
2 3 8
[22]

3
5 6 0
7 1 4
3 8 2
[22]

3
0 4 1
5 3 8
2 7 6
[22]

4
1 2 3 4
5 6 7 0
8 9 10 11
12 13 14 15
[30]

4
4 1 2 3
5 9 7 0
8 6 10 11
12 13 14 15

4
14 8 12 1
9 6 4 3
7 2 5 11
10 0 13 15
[48]
// 132s

4
1 7 0 9
3 13 4 8
5 11 2 15
12 14 10 6
[46]
// 57s

4
12 14 9 2
4 0 15 3
1 10 11 8
13 6 7 5
[48]
// 37s

4
0 8 14 11
9 5 6 15
12 7 2 13
1 3 10 4
[60]
// does not terminate

4
1 3 11 14
9 10 15 4
0 5 12 8
6 13 2 7
[44]
// 67s

3
8 2 0
5 4 7
3 6 1

4
15 1 2 12
8 5 6 11
4 9 10 7
3 14 13 0
// not stopping

4
1 2 3 4
5 6 0 8
9 10 7 11
13 14 15 12

3
7 2 4
5 0 6
8 3 1

3
1 3 2
7 8 6
4 5 0
// not solva0le

3
3 2 1
0 4 5
8 6 7
// not solva0le

3
7 2 4
6 0 5
8 3 1
// not solva0le


3
0 1 3
4 2 5
7 8 6

3
1 0 2
7 5 4
8 6 3


4
9 1 10 5
14 8 13 3
2 6 12 0
15 4 11 7
// 47 steps

3
1 2 3
0 6 4
8 5 7

2
3 1
2 0

3
0 1 3
4 2 5
7 8 6

4
5 10 14 7
8 3 6 1
15 0 12 9
2 11 4 13


